{
 "cells": [
  {
   "cell_type": "code",
   "execution_count": 37,
   "metadata": {
    "collapsed": false
   },
   "outputs": [],
   "source": [
    "%matplotlib inline\n",
    "import matplotlib.pyplot as plt\n",
    "import numpy as np\n",
    "import pandas as pd\n",
    "import seaborn as sns\n",
    "import statsmodels.formula.api as smf\n",
    "from sklearn.linear_model import LinearRegression"
   ]
  },
  {
   "cell_type": "markdown",
   "metadata": {},
   "source": [
    "# Linear Regression Practice\n",
    "\n",
    "In this notebook we'll practice linear regresssions on a new data set of real estate transactions from Boston.\n",
    "\n",
    "You can read about this dataset [here](https://archive.ics.uci.edu/ml/datasets/Housing).\n",
    "\n",
    "In the next cell load the data using pandas. Once you have a data frame, use `data.head()` to look at the first few rows."
   ]
  },
  {
   "cell_type": "code",
   "execution_count": 38,
   "metadata": {
    "collapsed": false
   },
   "outputs": [],
   "source": [
    "data_file_location = \"../../../data/boston.csv\"\n",
    "info_file_location = \"../../../data/boston.txt\"\n",
    "\n",
    "boston_housing_df = pd.read_csv(data_file_location, index_col=None,\n",
    "                                header=None,\n",
    "                                delim_whitespace=True)\n",
    "boston_housing_df.columns = [\"CRIM\", \"ZN\", \"INDUS\", \"CHAS\", \n",
    "                             \"NOX\", \"RM\", \"AGE\", \"DIS\", \n",
    "                             \"RAD\", \"TAX\", \"PTRATIO\", \"B\", \n",
    "                             \"LSTAT\", \"MEDV\"]"
   ]
  },
  {
   "cell_type": "markdown",
   "metadata": {},
   "source": [
    "Make sure the dataframe loaded correctly and that your columns are labeled appropriately."
   ]
  },
  {
   "cell_type": "code",
   "execution_count": 39,
   "metadata": {
    "collapsed": true
   },
   "outputs": [
    {
     "data": {
      "text/html": [
       "<div>\n",
       "<table border=\"1\" class=\"dataframe\">\n",
       "  <thead>\n",
       "    <tr style=\"text-align: right;\">\n",
       "      <th></th>\n",
       "      <th>CRIM</th>\n",
       "      <th>ZN</th>\n",
       "      <th>INDUS</th>\n",
       "      <th>CHAS</th>\n",
       "      <th>NOX</th>\n",
       "      <th>RM</th>\n",
       "      <th>AGE</th>\n",
       "      <th>DIS</th>\n",
       "      <th>RAD</th>\n",
       "      <th>TAX</th>\n",
       "      <th>PTRATIO</th>\n",
       "      <th>B</th>\n",
       "      <th>LSTAT</th>\n",
       "      <th>MEDV</th>\n",
       "    </tr>\n",
       "  </thead>\n",
       "  <tbody>\n",
       "    <tr>\n",
       "      <th>CRIM</th>\n",
       "      <td>1.000000</td>\n",
       "      <td>-0.200469</td>\n",
       "      <td>0.406583</td>\n",
       "      <td>-0.055892</td>\n",
       "      <td>0.420972</td>\n",
       "      <td>-0.219247</td>\n",
       "      <td>0.352734</td>\n",
       "      <td>-0.379670</td>\n",
       "      <td>0.625505</td>\n",
       "      <td>0.582764</td>\n",
       "      <td>0.289946</td>\n",
       "      <td>-0.385064</td>\n",
       "      <td>0.455621</td>\n",
       "      <td>-0.388305</td>\n",
       "    </tr>\n",
       "    <tr>\n",
       "      <th>ZN</th>\n",
       "      <td>-0.200469</td>\n",
       "      <td>1.000000</td>\n",
       "      <td>-0.533828</td>\n",
       "      <td>-0.042697</td>\n",
       "      <td>-0.516604</td>\n",
       "      <td>0.311991</td>\n",
       "      <td>-0.569537</td>\n",
       "      <td>0.664408</td>\n",
       "      <td>-0.311948</td>\n",
       "      <td>-0.314563</td>\n",
       "      <td>-0.391679</td>\n",
       "      <td>0.175520</td>\n",
       "      <td>-0.412995</td>\n",
       "      <td>0.360445</td>\n",
       "    </tr>\n",
       "    <tr>\n",
       "      <th>INDUS</th>\n",
       "      <td>0.406583</td>\n",
       "      <td>-0.533828</td>\n",
       "      <td>1.000000</td>\n",
       "      <td>0.062938</td>\n",
       "      <td>0.763651</td>\n",
       "      <td>-0.391676</td>\n",
       "      <td>0.644779</td>\n",
       "      <td>-0.708027</td>\n",
       "      <td>0.595129</td>\n",
       "      <td>0.720760</td>\n",
       "      <td>0.383248</td>\n",
       "      <td>-0.356977</td>\n",
       "      <td>0.603800</td>\n",
       "      <td>-0.483725</td>\n",
       "    </tr>\n",
       "    <tr>\n",
       "      <th>CHAS</th>\n",
       "      <td>-0.055892</td>\n",
       "      <td>-0.042697</td>\n",
       "      <td>0.062938</td>\n",
       "      <td>1.000000</td>\n",
       "      <td>0.091203</td>\n",
       "      <td>0.091251</td>\n",
       "      <td>0.086518</td>\n",
       "      <td>-0.099176</td>\n",
       "      <td>-0.007368</td>\n",
       "      <td>-0.035587</td>\n",
       "      <td>-0.121515</td>\n",
       "      <td>0.048788</td>\n",
       "      <td>-0.053929</td>\n",
       "      <td>0.175260</td>\n",
       "    </tr>\n",
       "    <tr>\n",
       "      <th>NOX</th>\n",
       "      <td>0.420972</td>\n",
       "      <td>-0.516604</td>\n",
       "      <td>0.763651</td>\n",
       "      <td>0.091203</td>\n",
       "      <td>1.000000</td>\n",
       "      <td>-0.302188</td>\n",
       "      <td>0.731470</td>\n",
       "      <td>-0.769230</td>\n",
       "      <td>0.611441</td>\n",
       "      <td>0.668023</td>\n",
       "      <td>0.188933</td>\n",
       "      <td>-0.380051</td>\n",
       "      <td>0.590879</td>\n",
       "      <td>-0.427321</td>\n",
       "    </tr>\n",
       "    <tr>\n",
       "      <th>RM</th>\n",
       "      <td>-0.219247</td>\n",
       "      <td>0.311991</td>\n",
       "      <td>-0.391676</td>\n",
       "      <td>0.091251</td>\n",
       "      <td>-0.302188</td>\n",
       "      <td>1.000000</td>\n",
       "      <td>-0.240265</td>\n",
       "      <td>0.205246</td>\n",
       "      <td>-0.209847</td>\n",
       "      <td>-0.292048</td>\n",
       "      <td>-0.355501</td>\n",
       "      <td>0.128069</td>\n",
       "      <td>-0.613808</td>\n",
       "      <td>0.695360</td>\n",
       "    </tr>\n",
       "    <tr>\n",
       "      <th>AGE</th>\n",
       "      <td>0.352734</td>\n",
       "      <td>-0.569537</td>\n",
       "      <td>0.644779</td>\n",
       "      <td>0.086518</td>\n",
       "      <td>0.731470</td>\n",
       "      <td>-0.240265</td>\n",
       "      <td>1.000000</td>\n",
       "      <td>-0.747881</td>\n",
       "      <td>0.456022</td>\n",
       "      <td>0.506456</td>\n",
       "      <td>0.261515</td>\n",
       "      <td>-0.273534</td>\n",
       "      <td>0.602339</td>\n",
       "      <td>-0.376955</td>\n",
       "    </tr>\n",
       "    <tr>\n",
       "      <th>DIS</th>\n",
       "      <td>-0.379670</td>\n",
       "      <td>0.664408</td>\n",
       "      <td>-0.708027</td>\n",
       "      <td>-0.099176</td>\n",
       "      <td>-0.769230</td>\n",
       "      <td>0.205246</td>\n",
       "      <td>-0.747881</td>\n",
       "      <td>1.000000</td>\n",
       "      <td>-0.494588</td>\n",
       "      <td>-0.534432</td>\n",
       "      <td>-0.232471</td>\n",
       "      <td>0.291512</td>\n",
       "      <td>-0.496996</td>\n",
       "      <td>0.249929</td>\n",
       "    </tr>\n",
       "    <tr>\n",
       "      <th>RAD</th>\n",
       "      <td>0.625505</td>\n",
       "      <td>-0.311948</td>\n",
       "      <td>0.595129</td>\n",
       "      <td>-0.007368</td>\n",
       "      <td>0.611441</td>\n",
       "      <td>-0.209847</td>\n",
       "      <td>0.456022</td>\n",
       "      <td>-0.494588</td>\n",
       "      <td>1.000000</td>\n",
       "      <td>0.910228</td>\n",
       "      <td>0.464741</td>\n",
       "      <td>-0.444413</td>\n",
       "      <td>0.488676</td>\n",
       "      <td>-0.381626</td>\n",
       "    </tr>\n",
       "    <tr>\n",
       "      <th>TAX</th>\n",
       "      <td>0.582764</td>\n",
       "      <td>-0.314563</td>\n",
       "      <td>0.720760</td>\n",
       "      <td>-0.035587</td>\n",
       "      <td>0.668023</td>\n",
       "      <td>-0.292048</td>\n",
       "      <td>0.506456</td>\n",
       "      <td>-0.534432</td>\n",
       "      <td>0.910228</td>\n",
       "      <td>1.000000</td>\n",
       "      <td>0.460853</td>\n",
       "      <td>-0.441808</td>\n",
       "      <td>0.543993</td>\n",
       "      <td>-0.468536</td>\n",
       "    </tr>\n",
       "    <tr>\n",
       "      <th>PTRATIO</th>\n",
       "      <td>0.289946</td>\n",
       "      <td>-0.391679</td>\n",
       "      <td>0.383248</td>\n",
       "      <td>-0.121515</td>\n",
       "      <td>0.188933</td>\n",
       "      <td>-0.355501</td>\n",
       "      <td>0.261515</td>\n",
       "      <td>-0.232471</td>\n",
       "      <td>0.464741</td>\n",
       "      <td>0.460853</td>\n",
       "      <td>1.000000</td>\n",
       "      <td>-0.177383</td>\n",
       "      <td>0.374044</td>\n",
       "      <td>-0.507787</td>\n",
       "    </tr>\n",
       "    <tr>\n",
       "      <th>B</th>\n",
       "      <td>-0.385064</td>\n",
       "      <td>0.175520</td>\n",
       "      <td>-0.356977</td>\n",
       "      <td>0.048788</td>\n",
       "      <td>-0.380051</td>\n",
       "      <td>0.128069</td>\n",
       "      <td>-0.273534</td>\n",
       "      <td>0.291512</td>\n",
       "      <td>-0.444413</td>\n",
       "      <td>-0.441808</td>\n",
       "      <td>-0.177383</td>\n",
       "      <td>1.000000</td>\n",
       "      <td>-0.366087</td>\n",
       "      <td>0.333461</td>\n",
       "    </tr>\n",
       "    <tr>\n",
       "      <th>LSTAT</th>\n",
       "      <td>0.455621</td>\n",
       "      <td>-0.412995</td>\n",
       "      <td>0.603800</td>\n",
       "      <td>-0.053929</td>\n",
       "      <td>0.590879</td>\n",
       "      <td>-0.613808</td>\n",
       "      <td>0.602339</td>\n",
       "      <td>-0.496996</td>\n",
       "      <td>0.488676</td>\n",
       "      <td>0.543993</td>\n",
       "      <td>0.374044</td>\n",
       "      <td>-0.366087</td>\n",
       "      <td>1.000000</td>\n",
       "      <td>-0.737663</td>\n",
       "    </tr>\n",
       "    <tr>\n",
       "      <th>MEDV</th>\n",
       "      <td>-0.388305</td>\n",
       "      <td>0.360445</td>\n",
       "      <td>-0.483725</td>\n",
       "      <td>0.175260</td>\n",
       "      <td>-0.427321</td>\n",
       "      <td>0.695360</td>\n",
       "      <td>-0.376955</td>\n",
       "      <td>0.249929</td>\n",
       "      <td>-0.381626</td>\n",
       "      <td>-0.468536</td>\n",
       "      <td>-0.507787</td>\n",
       "      <td>0.333461</td>\n",
       "      <td>-0.737663</td>\n",
       "      <td>1.000000</td>\n",
       "    </tr>\n",
       "  </tbody>\n",
       "</table>\n",
       "</div>"
      ],
      "text/plain": [
       "             CRIM        ZN     INDUS      CHAS       NOX        RM       AGE  \\\n",
       "CRIM     1.000000 -0.200469  0.406583 -0.055892  0.420972 -0.219247  0.352734   \n",
       "ZN      -0.200469  1.000000 -0.533828 -0.042697 -0.516604  0.311991 -0.569537   \n",
       "INDUS    0.406583 -0.533828  1.000000  0.062938  0.763651 -0.391676  0.644779   \n",
       "CHAS    -0.055892 -0.042697  0.062938  1.000000  0.091203  0.091251  0.086518   \n",
       "NOX      0.420972 -0.516604  0.763651  0.091203  1.000000 -0.302188  0.731470   \n",
       "RM      -0.219247  0.311991 -0.391676  0.091251 -0.302188  1.000000 -0.240265   \n",
       "AGE      0.352734 -0.569537  0.644779  0.086518  0.731470 -0.240265  1.000000   \n",
       "DIS     -0.379670  0.664408 -0.708027 -0.099176 -0.769230  0.205246 -0.747881   \n",
       "RAD      0.625505 -0.311948  0.595129 -0.007368  0.611441 -0.209847  0.456022   \n",
       "TAX      0.582764 -0.314563  0.720760 -0.035587  0.668023 -0.292048  0.506456   \n",
       "PTRATIO  0.289946 -0.391679  0.383248 -0.121515  0.188933 -0.355501  0.261515   \n",
       "B       -0.385064  0.175520 -0.356977  0.048788 -0.380051  0.128069 -0.273534   \n",
       "LSTAT    0.455621 -0.412995  0.603800 -0.053929  0.590879 -0.613808  0.602339   \n",
       "MEDV    -0.388305  0.360445 -0.483725  0.175260 -0.427321  0.695360 -0.376955   \n",
       "\n",
       "              DIS       RAD       TAX   PTRATIO         B     LSTAT      MEDV  \n",
       "CRIM    -0.379670  0.625505  0.582764  0.289946 -0.385064  0.455621 -0.388305  \n",
       "ZN       0.664408 -0.311948 -0.314563 -0.391679  0.175520 -0.412995  0.360445  \n",
       "INDUS   -0.708027  0.595129  0.720760  0.383248 -0.356977  0.603800 -0.483725  \n",
       "CHAS    -0.099176 -0.007368 -0.035587 -0.121515  0.048788 -0.053929  0.175260  \n",
       "NOX     -0.769230  0.611441  0.668023  0.188933 -0.380051  0.590879 -0.427321  \n",
       "RM       0.205246 -0.209847 -0.292048 -0.355501  0.128069 -0.613808  0.695360  \n",
       "AGE     -0.747881  0.456022  0.506456  0.261515 -0.273534  0.602339 -0.376955  \n",
       "DIS      1.000000 -0.494588 -0.534432 -0.232471  0.291512 -0.496996  0.249929  \n",
       "RAD     -0.494588  1.000000  0.910228  0.464741 -0.444413  0.488676 -0.381626  \n",
       "TAX     -0.534432  0.910228  1.000000  0.460853 -0.441808  0.543993 -0.468536  \n",
       "PTRATIO -0.232471  0.464741  0.460853  1.000000 -0.177383  0.374044 -0.507787  \n",
       "B        0.291512 -0.444413 -0.441808 -0.177383  1.000000 -0.366087  0.333461  \n",
       "LSTAT   -0.496996  0.488676  0.543993  0.374044 -0.366087  1.000000 -0.737663  \n",
       "MEDV     0.249929 -0.381626 -0.468536 -0.507787  0.333461 -0.737663  1.000000  "
      ]
     },
     "execution_count": 39,
     "metadata": {},
     "output_type": "execute_result"
    }
   ],
   "source": [
    "boston_housing_df.corr()"
   ]
  },
  {
   "cell_type": "markdown",
   "metadata": {},
   "source": [
    "## Exploratory Analysis\n",
    "\n",
    "Use `pandas` and `seaborn` to visualize the data.\n",
    "\n",
    "Read about available `pandas` plotting tools [here](http://pandas.pydata.org/pandas-docs/version/0.18.1/visualization.html#other-plots).\n",
    "\n",
    "Read about available `seaborn` plotting tools:\n",
    "\n",
    "- [regression plots](http://seaborn.pydata.org/api.html#regression-plots)\n",
    "- [distribution plots](http://seaborn.pydata.org/api.html#distribution-plots)\n",
    "- [cateogorical plots](http://seaborn.pydata.org/api.html#categorical-plots)\n",
    "\n",
    "Make sure you include at least two plots of each feature."
   ]
  },
  {
   "cell_type": "code",
   "execution_count": 41,
   "metadata": {
    "collapsed": false
   },
   "outputs": [
    {
     "data": {
      "text/plain": [
       "<matplotlib.axes._subplots.AxesSubplot at 0x7ff564ed59d0>"
      ]
     },
     "execution_count": 41,
     "metadata": {},
     "output_type": "execute_result"
    },
    {
     "data": {
      "image/png": "iVBORw0KGgoAAAANSUhEUgAAAz0AAALVCAYAAADqCI8uAAAABHNCSVQICAgIfAhkiAAAAAlwSFlz\nAAAPYQAAD2EBqD+naQAAIABJREFUeJzs3Xm4ZFV5N+xfNSCoaRXDARwDii5n30SNYhQNiK1xSESj\nxmgENIo4gGg0DnwSx4hBRQkBFWTSiFPUqNgJGOUTFWdNoi4HUMQXsBGMLTJJn/ePqpOctL2brjp1\nep9a3vd1nYuuvXdVPbuK6tO/etZaezA/Px8AAIBWreq7AAAAgOUk9AAAAE0TegAAgKYJPQAAQNOE\nHgAAoGlCDwAA0DShBwAAaJrQAwAANG3bvgtYxFVSAQBYiQZ9F8DSrKTQk3Xr1vddwsTm5lbPfP3J\n7L8Hyeyfw6zXn8z+e5A4h775LPSvlXOY9fqT2X8PkjbOgdlmeBsAANA0oQcAAGia0AMAADRN6AEA\nAJom9AAAAE0TegAAgKYJPQAAQNOEHgAAoGlCDwAA0LRtxzm4lHLdlhxXa91msnIAAACma6zQk2SQ\n5IdJTk7y1emXAwAAMF3jhp77JjkwySFJzk9yYpJ31Vovn3ZhAAAA0zDWnJ5a6xdrrc9Kcoskb0zy\nmCQXllLeU0rZdzkKBAAAWIqJFjKotV5Vaz2t1rpPkrsl2TnJJ0opN59qdQAAAEs07vC2/1ZKuXWS\n/Uc/N0zyhiQ/n0pVAAAAUzLu6m03yHBI29OSPDDJGUkOTfLxWuuG6ZcHAACwNON2ei5Ksj7D1dsO\nTvKT0fbfKqX890G1Vh0fAABgRRg39Ow4+jk8ycs3sX+QZD6J6/QAAAArwrih5w+XpQoAAIBlMlbo\nqbV+erkKAQAAWA7jLmRwky05zpweAABgpRh3eNvPMpyz08WcHgAAYEUxpwcAAGiaOT0AAEDTVk3z\nwUopv1dK+eg0HxMAAGApxh3ellLKmiT7JrkmyTtqreeVUu6U5G+TPCrJ2umWCAAAMLlxV297WpK3\nJ7ksw4uUPr2UcliStyY5Pclda63fnnqVAAAAExp3eNshSV5ca90pyeOT7JTk4CR3r7UeJPAAAAAr\nzbih53ZJ3jf68weT/CrJX9VaL5xqVQAAAFMybui5UZJfJkmtdT7J1UkumnZRAAAA0zL2QgYZzuP5\nxaL7719KuXTxAbXWtyy5MgAAgCkYN/RckOQvF92+OMlTNjpmPonQAwAArAjjXpx0t2WqAwAAYFmM\nNaenlLJ3KeWbpZSbbGLfTUsp/1lKeeD0ygMAAFiacRcyODTJ22utP994R631v5Icn+SwaRQGAAAw\nDeOGnnsm+cRm9v9LkntNXg4AAMB0jRt6dkly7Wb2/yrJ3OTlAAAATNe4oefHSe6+mf33iOv2AAAA\nK8i4oefjSV5ZStlh4x2llBsm+ZskH51GYQAAANMw7nV6Xp1kvyTfKaUck6RmeF2eOyd5dpJtkrxm\nqhUCAAAswbjX6bmklHL/JP+Q5HVJBqNd80nWJjm41nrJdEsEAACY3LidntRaf5jkj0opOybZI8Pg\n891a6+XTLg4AAGCpxg49C0Yh54tTrAUAAGDqxl3IAAAAYKYIPQAAQNOEHgAAoGmD+fn5vmtYsGIK\nAQCARQbXfwgrmU4PAADQtIlXb1sOn/vuBX2XMLE973DbrFu3vu8yJjY3tzpJnEPP5uZWz3z9yey/\nB4lz6JvPQv9aOYdZrz+Z/fcgaeMcmG06PQAAQNOEHgAAoGlCDwAA0DShBwAAaJrQAwAANE3oAQAA\nmib0AAAATRN6AACApgk9AABA04QeAACgaUIPAADQNKEHAABomtADAAA0TegBAACaJvQAAABNE3oA\nAICmCT0AAEDThB4AAKBpQg8AANA0oQcAAGia0AMAADRN6AEAAJom9AAAAE0TegAAgKYJPQAAQNOE\nHgAAoGlCDwAA0DShBwAAaJrQAwAANE3oAQAAmib0AAAATRN6AACApgk9AABA04QeAACgaUIPAADQ\nNKEHAABomtADAAA0TegBAACaJvQAAABNE3oAAICmCT0AAEDThB4AAKBpQg8AANA0oQcAAGia0AMA\nADRN6AEAAJo2mJ+f77uGBSumEAAAWGTQdwEsjU4PAADQtG37LmCxdUcf13cJE5s75KC8+N0f7buM\nib3+SY9Mkqxbt77nSiY3N7c6yeyfw6zXn8z+e5A4h775LPSvlXOY9fqT2X8PkjbOgdmm0wMAADRN\n6AEAAJom9AAAAE0TegAAgKYJPQAAQNOEHgAAoGlCDwAA0DShBwAAaJrQAwAANE3oAQAAmib0AAAA\nTRN6AACApgk9AABA04QeAACgaUIPAADQNKEHAABomtADAAA0TegBAACaJvQAAABNE3oAAICmCT0A\nAEDThB4AAKBpQg8AANA0oQcAAGia0AMAADRN6AEAAJom9AAAAE0TegAAgKYJPQAAQNOEHgAAoGlC\nDwAA0DShBwAAaJrQAwAANE3oAQAAmib0AAAATRN6AACApgk9AABA04QeAACgaUIPAADQNKEHAABo\nmtADAAA0TegBAACaJvQAAABNE3oAAICmCT0AAEDThB4AAKBpg/n5+b5rWLBiCgEAgEUGfRfA0mzb\ndwGLXfLzK/ouYWK73OTGWfeLK/suY2Jzv3XDJMm1F/6450omt92tb5UkWbdufc+VTG5ubvXM15/M\n/nuQOIe++Sz0r5VzmPX6k9l/D5I2zoHZZngbAADQNKEHAABomtADAAA0TegBAACaJvQAAABNE3oA\nAICmCT0AAEDThB4AAKBpQg8AANA0oQcAAGia0AMAADRN6AEAAJom9AAAAE0TegAAgKYJPQAAQNOE\nHgAAoGlCDwAA0DShBwAAaJrQAwAANG3bvgsAAACW7rsPWDM/jce5w2fWDqbxOCuJTg8AANA0nR4A\nAGjBQD+ji9ADAAAtGDQ3Km1qhB4AAGjAYJXQ00UPDAAAaJpODwAAtMCcnk5CDwAAtMCcnk7iIAAA\n0DSdHgAAaIGFDDoJPQAA0ICB4W2dhB4AAGjBKjNXunhlAACApun0AABACwxv6yT0AABAC4SeTkIP\nAAA0YGBOTyevDAAA0DSdHgAAaIFOTyehBwAAWmBOTyehBwAAGuDipN30wAAAgKbp9AAAQAtW6fR0\nEXoAAKAFA4O4unhlAACApun0AABACwxv6yT0AABAA6ze1k3oAQCAFpjT02kwPz/fdw0LVkwhAACw\nyEy0UH7w+AOm8u/p3d77zpk433Ho9AAAQAvM6em0okLPT446pu8SJrbzC56Tl59+Rt9lTOzVT3h4\nkuS7D1jTcyWTu8Nn1iZJrv7++T1XMrntb7971q1b33cZE5ubW50kzqFnrZzDrNefzP57kMz+Ocx6\n/cnsvwdJG+cwCwarDG/rsqJCDwAAMCELGXQSBwEAgKbp9AAAQAt0ejoJPQAA0IKe5vSUUp6d5IVJ\ndk3y9STPrbV+cTPH3zTJa5M8JsmOSX6Y5NBa6yeWq0bD2wAAoAGDwWAqP+MopTwhyVFJXpHkdzMM\nPWtLKTt1HL9dkjOT3DbJfklKkr9M8uPJz/z66fQAAACTen6S42utpyRJKeWgJI9IcmCSIzdx/NOS\n3CzJ/Wqt1422XbDcRer0AABAC1YNpvOzhUZdm3slOWthW611PsNOzp4dd3tUks8lObaUcnEp5d9L\nKS8ppSxrLtHpAQCAFgy2ej9jpyTbJLlko+2XZDhsbVNul2TvJKcleXiSOyQ5dvQ4r16eMoUeAABg\nugZJ5jv2rcowFD1j1BX6ainlVhkuhLBsocfwNgAAaMFgMJ2fLXdpkuuS7LLR9p3z692fBRcl+c4o\n8Cz4VpJdSynL1pARegAAoAGDVYOp/GypWuu1Sb6cZJ+FbaWUwej2Zzvudk6SPTbaVpJcVGv91Vgn\nPAbD2wAAoAX9XJz0jUlOLqV8OckXMlzN7UZJTkqSUsopSS6stb50dPw/JHlOKeXoJMckuWOSlyR5\n83IWqdMDAABMpNb63iQvSPLKJF9Nco8ka2qt60aH3DrDi5YuHH9hkocmuU+G1/R5c5I3JXn9ctap\n0wMAAC1Y1U8/o9Z6bIYrsG1q396b2HZukvsvd12LCT0AANCAQU+hZxYIPQAA0IJ+5vTMBHEQAABo\nmk4PAAC0QKenk9ADAAAtMKenk9ADAAANGOj0dBIHAQCApun0AABAC3R6Ogk9AADQglVCTxfD2wAA\ngKbp9AAAQAsG+hldhB4AAGjAwPC2TkIPAAC0wHV6OnllAACApun0AABACyxZ3UnoAQCABgyEnk5C\nDwAAtMCcnk5eGQAAoGk6PQAA0ALD2zoJPQAA0AKhp5PQAwAADRiY09PJKwMAADRNpwcAAFpgeFsn\noQcAAFqwSujpYngbAADQNJ0eAABogeFtnYQeAABogNXbugk9AADQgoHQ08UrAwAANE2nBwAAWmD1\ntk5CDwAANGBgIYNOQg8AALTAnJ5Og/n5+b5rWLBiCgEAgEVmooXykyPfMpV/T+/8oufNxPmOQ6cH\nAABaYE5PpxUVes7+9vl9lzCxve60e352+gf7LmNiN3vCfkmS48/8XM+VTO6ZD9kzSXL192f3/6Pt\nb797PvjFf++7jIntd5+7J0nWrVvfcyWTm5tbncQ59G1ubvXM15/M/nuQzP45zHr9yey/B0kb5zAT\nzOnptKJCDwAAMJmBTk8ns50AAICm6fQAAEALrN7WSegBAIAWmNPTSRwEAACaptMDAAAtsJBBJ6EH\nAAAaMFhlEFcXoQcAAFpgIYNOXhkAAKBpOj0AANACc3o6CT0AANCAgSWrOwk9AADQAqGnkzk9AABA\n03R6AACgBZas7iT0AABACwxv6yT0AABAAyxk0G2s0FNK2WtLjqu1nj1ZOQAAANM1bqfnU0nmR3/u\nipLzSbaZtCAAAGAC5vR0Gjf0XJ5kfZKTkpya5NJpFwQAAEzA8LZO44aeWyR5TJIDk7woyceTnJDk\nE7XW+c3dEQAAWEY6PZ3GemVqrdfUWk+vta5JUpJ8I8kxSX5USnlNKcXCCAAAwIoycRystf6o1vrK\nJA9J8p0kf53kJtMqDAAA2HKDVYOp/LRoos5MKWX7JI/NcJjbnkk+luQRtdbLplgbAACwpXqa01NK\neXaSFybZNcnXkzy31vrFjmMfk+SlSfZIsl2S7yY5qtZ62nLWOO6S1b+f5IAkT0xyfoYLGjxe2AEA\ngN88pZQnJDkqyTOSfCHJ85OsLaXcsda6qUXPfprk1Um+neSaJI9K8s5SyiW11n9drjrH7fR8PskF\nSd6S5MujbQ8opfyvg2qtH1l6aQAAwBYb9LKQwfOTHF9rPSVJSikHJXlEhiPCjtz44E1cz/MtpZSn\nJnlAkhUTepLktkkO38x+1+kBAICtbGvPxymlbJfkXkleu7Ct1jpfSjkzwykwW/IY+yS5Y5JPL0uR\nI2OFnlrr9cbHUsqNJy8HAACYyNaf07NThs2OSzbafkmGKz1vUinlJkl+nGT7JL9KcnCt9ZPLVWSy\nhNXbNlZK2aGUcliS70/rMQEAgJkzyHD0V5f1Se6Z5N5JXpbkTaWUvZazoHEXMtg+yRFJ9s1w4tGR\ntdYPlVIOzHBC0nVJ3jTtIgEAgOux9ef0XJrhv/932Wj7zvn17s9/q7XOJzlvdPMbpZS7JHlJko3n\n+0zNuK/MK5M8K8kPkuyW5H2llOOTHJrksCS71VpfP80CAQCALbBqMJ2fLVRrvTbDxc32WdhWShmM\nbn92nMozHOq2bMZdyOBPk/xFrfUjpZS7JflGhutr33OU2AAAgB4M+rlOzxuTnFxK+XL+Z8nqG2V4\naZuUUk5JcmGt9aWj23+d5EsZTonZPsOV3p6c5KDlLHLc0HPrjJaqrrX+Rynl6iRvEngAAOA3T631\nvaWUnTIcEbZLkq8lWVNrXTc65NYZLlaw4MZJ/n60/coMr9fz57XW9y9nneOGnm0ynMuz4FdJfjG9\ncgAAgIls5SWrF9Raj01ybMe+vTe6fXg2f/mbZTFu6BkkOWnU4UmSHZIcV0q5YvFBtdb9plEcAACw\nhVb1cnHSmTBu6Dl5o9unTasQAABgCbb+6m0zY9yLkx6wXIUAAAAsh3E7PQAAwArU0+ptM0HoAQCA\nFvS0kMEsMPAPAABomk4PAAC0wPC2TkIPAAC0wOptnYQeAABowMCcnk7iIAAA0DSdHgAAaIE5PZ2E\nHgAAaMEqg7i6CD0AANAAFyftNpifn++7hgUrphAAAFhkJtLELz559lT+Pf1be+81E+c7jhXV6bns\nxNP6LmFiNz/wyTnkpH/qu4yJHb3/Y5IkP3jigT1XMrnd3nNikuSa837QbyFLcIPb7ZbvPeSP+y5j\nYnuc+eEkySf/83s9VzK5ve+6R5Jk3br1PVcyubm51Ulm/xxmvf5k9t+DZPbPYdbrT2b/PUjaOIeZ\nYHhbpxUVegAAgAkZ3tZJ6AEAgBa4Tk8nPTAAAKBpOj0AANCAwUA/o4vQAwAALTCnp5M4CAAANE2n\nBwAAWmAhg05CDwAAtMCcnk5CDwAANGCg09NJHAQAAJqm0wMAAC2welsnoQcAAFog9HQSegAAoAGD\nVWaudPHKAAAATdPpAQCAFuj0dBJ6AACgBeb0dBJ6AACgBa7T00kPDAAAaJpODwAANGAw0M/oIvQA\nAEALzOnpJA4CAABN0+kBAIAWWMigk9ADAAAtMLytk9ADAAANsJBBN68MAADQNJ0eAABogTk9nYQe\nAABowSqDuLoIPQAA0ICBhQw6iYMAAEDTdHoAAKAFhrd1EnoAAKAFhrd1EnoAAKAFQk8nPTAAAKBp\nOj0AANCAgev0dBJ6AACgBQODuLp4ZQAAgKbp9AAAQAssZNBJ6AEAgBaY09NJ6AEAgAYMzOnp5JUB\nAACaptMDAAAtMLytk9ADAAANuHKH7afyOKun8igri9ADAABMrJTy7CQvTLJrkq8neW6t9YubOf5P\nk7wyyW5JvpPkr2utZyxnjeb0AAAAEymlPCHJUUlekeR3Mww9a0spO3Ucv2eSdyd5e5L/k+RDST5U\nSrnLctYp9AAAAJN6fpLja62n1Fq/neSgJL9McmDH8YckOaPW+sY69IokX0nynOUsUugBAADGVkrZ\nLsm9kpy1sK3WOp/kzCR7dtxtz9H+xdZu5vipWFFzem5+4JP7LmFJjt7/MX2XsGS7vefEvktYshvc\nbre+S1iSPc78cN8lLNned92j7xKWbG5u9qdxzvo5zHr9iXNYCWa9/sQ5sKLtlGSbJJdstP2SJKXj\nPrt2HL/rdEv733R6AACAaRokmV/G48e2ojo97/jkuX2XMLGn733fnP+4v+i7jInt/v5TkiSPPvId\nPVcyuY+86OlJkvPWXd5zJZO73dyOefARx/RdxsQ+dcRwOO4vPn1Oz5VM7rce9AdJkoe86tieK5nc\nmYcfnCRZt259z5VMbm5u9czXn8z+e5DM/jnMev3J7L8HSRvnwCZdmuS6JLtstH3n/Ho3Z8HFYx4/\nFTo9AADA2Gqt1yb5cpJ9FraVUgaj25/tuNvnFh8/su9o+7JZUZ0eAABgprwxycmllC8n+UKGq7nd\nKMlJSVJKOSXJhbXWl46OPzrJp0sphyX5WJI/y3AxhL9cziJ1egAAgInUWt+b5AUZXmz0q0nukWRN\nrXXd6JBbZ9EiBbXWz2UYdJ6R5GtJ9kvyx7XWby5nnTo9AADAxGqtxybZ5GTYWuvem9j2gSQfWO66\nFtPpAQAAmib0AAAATTO8DQAAGnDtNtv1XcKKJfQAAEAD5pf18p6zTegBAIAGbJB6OpnTAwAANE2n\nBwAAGjCv09NJ6AEAgAYIPd2EHgAAaIA5Pd3M6QEAAJqm0wMAAA3Q6Okm9AAAQAPM6ekm9AAAQAM2\nROjpYk4PAADQNJ0eAABogOFt3YQeAABogCWruxneBgAANE2nBwAAGrBhg05PF6EHAAAaYHRbN6EH\nAAAaYCGDbub0AAAATdPpAQCABrg4aTehBwAAGmB4WzehBwAAGiD0dDOnBwAAaJpODwAANMBleroJ\nPQAA0ADD27oJPQAA0AChp5s5PQAAQNN0egAAoAEbdHo6CT0AANAAoaeb4W0AAEDTdHoAAKABFjLo\nJvQAAEADDG/rJvQAAEADZJ5u5vQAAABN0+kBAIAGmNPTTegBAIAGmNPTTegBAIAG6PR0M6cHAABo\nmk4PAAA0QKOnm9ADAAANMKen22AFjf1bMYUAAMAig74L2BKfqT+Yyr+nH1B2m4nzHYc5PQAAQNNW\n1PC2Hz75GX2XMLHfOe1t+cAX/r3vMib22N+/e5Lkgqc9t+dKJnfbE96aJFm/fn3PlUxu9erVueCA\ng/suY2K3feexSZJzvvPDniuZ3B/c8XeSJJe89o09VzK5XV56WJLkiPev7bmSyR3xuDVZt252P8tz\nc6uTxDn0bG5u9czXn8z+e5C0cQ6zwPC2bisq9AAAAJMReroZ3gYAADRNpwcAABqwghYoW3GEHgAA\naIDQ003oAQCABmyQeTqZ0wMAADRNpwcAABpgeFs3oQcAABog9HQTegAAoAEbIvR0MacHAABomk4P\nAAA0wPC2bkIPAAA0wJLV3YQeAABowIYVnnpKKTsmOSbJI5NsSPKBJIfUWq/YzH2OS/KQJLdM8osk\nn03y4lprHee5zekBAAC2hncnuXOSfZI8IsleSY6/nvt8Kcn+Se6U5KFJBknWllIG4zyxTg8AADRg\nJc/pKaXcKcmaJPeqtX51tO25ST5WSnlhrfXiTd2v1vqORTcvKKW8PMnXkuyW5PwtfX6dHgAAaMD8\n/PxUfpbJnkkuXwg8I2cmmU9y3y15gFLKjZMcmOS8JD8a58mFHgAAYLntmuQnizfUWq9LctloX6dS\nyrNKKeuTrM9wiNtDa62/GufJDW8DAIAG9HFx0lLK65K8eDOHzGc4j6fLYHTM5pyW5F+S3CLJC5O8\nr5Ry/1rrNVtap9ADAAAN6GlOz98leef1HHNekouT7Lx4YyllmyQ7Jrlkc3eutS50eb5fSjk3yeVJ\nHpPk9C0tUugBAIAG9JF5aq0/TfLT6zuulPK5JDcrpfzuonk9+2TY6Tl3jKdcNbrP9uPUKfQAAADL\nqtb67VLK2iRvL6U8K8kNkrw1yT8urNxWSrllkrOSPKXW+qVSyu5JnpDh0LZ1SW6T5K+T/DLJx8d5\nfqEHAAAasGEFL1k98qQML056ZoYXJ31/kkMW7d8uyR2T3Gh0+6okDxwdszAM7uwk96+1XjrOEws9\nAADQgJV8nZ4kqbX+LMmTN7P/h0m2WXT7ogwvYrpkQg8AADRgpYeePrlODwAA0DSdHgAAaMAMzOnp\njdADAAANEHq6CT0AANAAc3q6mdMDAAA0TacHAAAasEGjp5PQAwAADTC8rZvhbQAAQNN0egAAoAE6\nPd2EHgAAaIAlq7sJPQAA0ACZp5s5PQAAQNN0egAAoAHm9HQTegAAoAHm9HQTegAAoAE6Pd3M6QEA\nAJqm0wMAAA0wvK2b0AMAAA0QeroJPQAA0ABzerqZ0wMAADRNpwcAABqg0dNN6AEAgAaY09NtsILG\n/q2YQgAAYJFB3wVsiTd//Oyp/Hv60D/aaybOdxzm9AAAAE1bUcPbfnTQ8/suYWK3Oe5Ned+53+i7\njIn96X3vkST5/pr9eq5kcrdf+8EkyWW/vKrnSiZ38xvtkPP3e0rfZUxs9w+emiT58Jf+s+dKJvfH\n975rkuSil/xNz5VM7have0WS5MXv/mjPlUzu9U96ZL77gDV9lzGxO3xmbZJk3br1PVcyubm51Ulm\n/xxmvf5k9t+DpI1zmAUraATXirOiQg8AADAZc3q6Gd4GAAA0TacHAAAaoM/TTegBAIAGGN7WTegB\nAIAGWMigmzk9AABA03R6AACgARs26PR0EXoAAKABhrd1E3oAAKABFjLoZk4PAADQNJ0eAABogD5P\nN6EHAAAaYE5PN6EHAAAaYE5PN3N6AACApun0AABAAwxv6yb0AABAAwxv62Z4GwAA0DSdHgAAaIBG\nTzehBwAAGmBOTzehBwAAGmBOTzdzegAAgKbp9AAAQAN0eroJPQAA0ABzeroJPQAA0AChp5s5PQAA\nQNN0egAAoAEbNHo6CT0AANAAw9u6CT0AANAAoaebOT0AAEDTdHoAAKABrtPTTegBAIAGGN7WTegB\nAACWXSllxyTHJHlkkg1JPpDkkFrrFddzvz2TvDrJfZNcl+SrSdbUWq/e0ucWegAAoAEzsGT1u5Ps\nkmSfJDdIclKS45M8uesOo8BzRpLXJHl2hqHnnhmGpi0m9AAAQAM2zI+VA7aqUsqdkqxJcq9a61dH\n256b5GOllBfWWi/uuOsbk7y51vqGRdu+O+7zCz0AANCAFT6lZ88kly8EnpEzk8xnOGztwxvfoZQy\nN9r3rlLKOUlun+TbSV5Waz1nnCe3ZDUAALDcdk3yk8Ubaq3XJblstG9Tbjf67ysyHAa3JslXkpxV\nSrn9OE+u0wMAAA3oY/W2Usrrkrx4M4fMJ7nzZvYPRsdsykKD5rha6ymjPx9WStknyYFJXraldQo9\nAADQgJ6u0/N3Sd55Pcecl+TiJDsv3lhK2SbJjkku6bjfRaP/fmuj7d9KcttxihR6AACgAX10emqt\nP03y0+s7rpTyuSQ3K6X87qJ5Pftk2Ok5t+Oxf1BK+b9Jyka77pjk4+PUKfQAAADLqtb67VLK2iRv\nL6U8K8Mlq9+a5B8XVm4rpdwyyVlJnlJr/dLorm9IckQp5RtJvpZk/wxD0GPHeX6hBwAAGtBHp2dM\nT8rw4qRnZnidnfcnOWTR/u0y7OLcaGFDrfXoUsr2GS5dffMkX0/ykFrr+eM8sdADAAANWOkXJ621\n/iybuRBprfWHSbbZxPYjkxy5lOcWegAAoAEz0Onpjev0AAAATdPpAQCABmzovNwNE4WeUsquSfbL\ncKLRfJLvJPmnhZUXAACArcvwtm6DcV+cUsozk7wpyQ5JrhhtvnGSq5IcWmt924S1eJcAAFiJBn0X\nsCX+4u/fNZV/T5/y7D+fifMdx1idnlLKw5P8fYZLzR1Va/3RaPttkvxVkr8vpVxQa/3EJMX87AMf\nmeRuK8KxOn13AAARvUlEQVTNHvvoHH/m5/ouY2LPfMieSZJLjzux50omt9NBByZJ6sWX9lzJ5Mqu\nO+WKczZ5fa6ZcOM/uG+S5OSzv3Q9R65cT93r3kmSn390bc+VTO4mj1yTJPm3b36/50om94d3uX0u\nftWSFurp1a6HvyhJcslr/q7nSia3y8temCRZt259z5VMbm5u9czXn8z+e5C0cQ6zYMNKX76tR+MO\nb3tRkiNrrS9dvHEUfp5XSrkiyYuTTBR6AACAyRje1m3c1dvuleSUzew/eXQMAACwFW2Yn85Pi8YN\nPdskuWYz+6/JJi4oBAAA0JdxQ883kzxqM/sfPToGAADYiubn56fy06Jx5/Qcm+SYUsqVSU6otV6X\nJKWUbZI8Pclrkjx3uiUCAADXZ95iyJ3GCj211neWUu6Z5Lgkf1tK+d5o1x5Jbprk2Frr7C7/BQAA\nM2pDo12aaRh3eFtqrYcmeWCSf0zys9HPu5M8qNaqywMAAKwo4w5vS5LUWs9Jcs6UawEAACbU6nyc\naRj34qR32ZLjaq0WMwAAgK2o1eWmp2HcTs9/JJlPMtjEvoXt87FsNQAAbFU6Pd3GDT13WJYqAAAA\nlsm4oecJSd5Ua71yOYoBAAAmo9PTbdzV216VZPVyFAIAAExuw/z8VH5aNG7o2dRcHgAAgBVrkiWr\n24x/AAAww1rt0kzDJKHnm6WUzb6itdadJ6wHAACYgDk93SYJPa9N8vNpFwIAAExO5uk2Seh5V631\nJ1OvBAAAYBmMG3rkRwAAWIHM6ek2buixehsAAKxA5vR0Gzf0bFdrvW5TO0opgyQPS/K0WuvjllwZ\nAACwxXR6uo0VejYVeEopuyc5MMn+SeaSnDmVygAAAKZgkoUMUkrZPsnjkjwtyQOSbJPkhUlOqLVa\n2Q0AALYyw9u6jRV6Sim/l+TpSf4syfeSnDr684VJ1go8AADQD5mn27idnnOTHJPkfrXWurCxlDLV\nogAAgPGY09Nt3NDzbxkOadu5lHJqht0dry4AALBirRrn4FrrQ5PcNUlN8g9JLiqlHD3aLfwAAEBP\n5ufnp/LTorEXMqi1/ijJK5O8spSyb4Yrt/0qyYdLKe9P8v5a61emWyYAALA5nzriOa6p2WGsTs/G\naq3/Wmv9syS3TPLWJA9P8sVpFAYAADANEy1ZvbFa6+UZhp63jlZ4AwAAWBGW1OnZWCllvyQnTfMx\nAQAAlmLsTk8p5ZlJ9k1yTZKja63nllL2TnJUkjsmOWW6JQIAAExurE5PKeWvMxzGtluSRyf5ZCnl\npUneleT0JLeutT5r2kUCAABMatxOzwFJnlFrPamU8sAkn05y/yR71FqvmHp1AAAASzTunJ7bJjkr\nSWqt/3+Sa5O8QuABAABWqnFDz/ZJrlp0+5okl02vHAAAgOmaZMnqV5VSfjn68w2SvLyU8l+LD6i1\nHrbkygAAAKZg3NBzdpKy6PZnk9xuo2Pml1QRAADAFI0VemqtD16mOgAAAJbFuEtWn1dK+e3lKgYA\nAGDaxl3IYLck2yxDHQAAAMti3NADAAAwUyZZvW3Nxqu1bazW+pEJ6wEAAJiqSULPydezfz6GwAEA\nACvEJKFn11rrT6ZeCQAAwDIwpwcAAGjaYH5+y68lWkrZkOXr9LioKQAAK9Gg7wJYmnFDz6lJvpPk\nYUlukOSsJH9Ta71yCrUIPQAArERCz4wbd05PTXJEhmHnyiSHJNklyQHTKOZtZ31+Gg/Ti2fsc79c\n8fkv9V3GxG58v3snSU4+e3bP4al7Dc/h2v97cc+VTG67W+6ad3zy3L7LmNjT975vkuSq//hWz5VM\nboe73TlJ8rGvfbvnSib3iP9zpyTJzz4wuwtp3uyxj85RH/1U32VM7AWPfHCSNHEOXzr/x/0WsgT3\n3v1WWbdufd9lTGxubnWSOIeeLZwDs23cOT1/keTgWuuaWuufJHlUkieVUswNAgAAVqRxw8rvJDlj\n4Uat9cwMh6XdcppFAQAATMu4oWfbJFdttO3aJNtNpxwAAIDpGndOzyDJSaWUqxdt2yHJcaWUKxY2\n1Fr3m0ZxAAAASzVu6Dl5E9tOm0YhAAAAy2Gs0FNrncoqbQAAAFuLVdcAAICmCT0AAEDThB4AAKBp\nQg8AANA0oQcAAGia0AMAADRN6AEAAJom9AAAAE0TegAAgKYJPQAAQNOEHgAAoGlCDwAA0DShBwAA\naJrQAwAANE3oAQAAmib0AAAATRN6AACApgk9AABA04QeAACgaUIPAADQNKEHAABomtADAAA0TegB\nAACaJvQAAABNE3oAAICmCT0AAEDThB4AAKBpQg8AANA0oQcAAGia0AMAADRN6AEAAJom9AAAAE0T\negAAgKYJPQAAQNOEHgAAoGlCDwAA0DShBwAAaJrQAwAANE3oAQAAmib0AAAATRvMz8/3XcOCFVMI\nAAAsMui7AJZGpwcAAGjatn0XsNglr31j3yVMbJeXHpZj1n6m7zIm9pw1D0iSXHDgc3quZHK3PfGY\nJMlP1v+y50omt/PqG+VHf/m8vsuY2G3e/pYkydOPe0/PlUzuHQc9MUkbn4Uj3r+250omd8Tj1uSi\nw1/TdxkTu8WrXpYk+fGhL+m5ksnd6s2vS5L89Ph39lzJ5H77mQfkpE9/se8yJrb/g+6TJFm3bn3P\nlUxubm51kjbOgdmm0wMAADRN6AEAAJom9AAAAE0TegAAgKYJPQAAQNOEHgAAoGlCDwAA0DShBwAA\naJrQAwAANE3oAQAAmib0AAAATRN6AACApgk9AABA04QeAACgaUIPAADQNKEHAABomtADAAA0TegB\nAACaJvQAAABNE3oAAICmCT0AAEDThB4AAKBpQg8AANA0oQcAAGia0AMAADRN6AEAAJom9AAAAE0T\negAAgKYJPQAAQNOEHgAAoGlCDwAA0DShBwAAaJrQAwAANE3oAQAAmib0AAAATRN6AACApgk9AABA\n04QeAACgaUIPAADQNKEHAABomtADAAA0TegBAACaJvQAAABNE3oAAICmCT0AAEDThB4AAKBpg/n5\n+b5rWLBiCgEAgEUGfRfA0mzbdwGLve2sz/ddwsSesc/98tMTTu27jIn99tOekiR51Qf/tedKJnf4\nfvsmSa74/Jd6rmRyN77fvfPmj5/ddxkTO/SP9kqSnPeoJ/ZcyeRu98/vSZKc8G9f6LmSyT3tD38/\nSfLzM2b383yTh++bd3zy3L7LmNjT975vkuR1Hzqr50om95I/2SdJcvh7z+i5ksm96vEPz2Wnnt53\nGRO7+VOekCRZ85rjeq5kcmtfdlCSZN269T1XMrm5udV9l8AUGN4GAAA0TegBAACaJvQAAABNE3oA\nAICmCT0AAEDThB4AAKBpQg8AANA0oQcAAGia0AMAADRN6AEAAJom9AAAAE0TegAAgKYJPQAAQNOE\nHgAAoGlCDwAA0DShBwAAaJrQAwAANE3oAQAAmib0AAAATRN6AACApgk9AABA04QeAACgaUIPAADQ\nNKEHAABomtADAAA0TegBAACaJvQAAABNE3oAAICmCT0AAEDThB4AAKBpQg8AANA0oQcAAGia0AMA\nADRN6AEAAJom9AAAAE0TegAAgKYJPQAAQNOEHgAAoGlCDwAA0DShBwAAaJrQAwAANE3oAQAAmib0\nAAAATRN6AACApgk9AABA04QeAACgaYP5+fm+a1iwYgoBAIBFBn0XwNJs23cBi/ifCQAAmDrD2wAA\ngKYJPQAAQNOEHgAAoGlCDwAA0DShBwAAaJrQAwAANE3oAQAAmib0AAAATRN6AACApgk9AABA04Qe\nAACgadv2XcA4Sim7JHl5kj9KcqsklyT5epI311o/WUr5QZLbjg7/ZZLzkhxdaz1h0WM8KMm/JblZ\nrfXni25fnuQWtdZrFh17nyTnJpmvtW6zzKcHv/FKKe9M8tQk80muS3Jhkvcl+f9qrVePjtkwOvx+\ntdYvLLrvDZJclGTHJA+utZ69NWuHFmz0GfxVkh8mOSVJSfLnm7nrD2qttyulfCrJXqNtVye5IMk7\na61/2/F8/5LkD5Pct9b6ldG2bZJcO6phsIm7zSc5PMnpSb6b5G611m8ueswDkhyc5C4Z/j3y5SRH\n1lrPuL7zB9o1M52eUsrvJPlKkgcneWGSuyV5WIaB5ZjRYfMZhqJdR/tPTfL2UsqajR5ufhNPsT7J\nYzbadmCGf+EDW88ZGX6Gd09yaJJnJjlio2MuSHLARtsek+HneFOfb2DLLXwG90jydxl+/r4z2rbw\nkwzD0cLt+4y2zSd5W5JdktwxyeuSvLKU8syNn6SUcpsk98vwd/jTF7bXWq8bPeYtRv99QZKfjh5z\nYfubFj3f4sd88+jxTkty9yS/n+RzSf55UzUAvzlmqdPzDxl+Y3OfWutVi7Z/q5RywqLbv6i1/mT0\n5zeUUl6cZN8ka6/n8U9O8rQMvzlKKWWHJE9McnSG3ygBW8fVtdZ1oz//uJRyZoaf4ZcsOubkJM8r\npRy60AHK8EuKk+LzCku1+DP4tlLKY5M8rNb6qoUDSilJ8l+Lft8u9stF9z+plPKcDD/Dx2903AFJ\n/jnJcUk+X0p5/sLnefHjllJ+nuGIi3WL7zyqYbDo9h8keV6Sg2qtb1t06EtLKTdK8qZSyodrrRdv\n0asANGUmOj2llB2TrElyzEaBJ0lSa/35Ju4zGP1FvWOSazbev5H5DLtCDyyl3Hq07XFJzk/y1aXU\nDkyulHK3JPfPr3+Gv5zh5/Oxo+Nuk+SBGX6ONzUcBpjclUluMMkdSykPTHKnbPr38AFJTq211iTf\ny/D37lI8KcnPkpywiX1HJdkhyX5LfA5gRs1E6MmwxT5IUrfg2NeXUtZnOJb4fRm2xN+xBff7SYYt\n/f1Htw9IcuLYlQJL9ahSyvpSypVJvpFkLsmRmzjupAy7O8nw8/rxJJdulQrhN0Qp5SEZful41hh3\ne/boM3x1kk9n+Pv76I0ed98kN8z/jMI4NcPRFktxhyTfGw2P+19qrT9KckWGQ+6A30CzEnoWvrnd\nkrH6b0hyzwwnRn4+yWG11vO28HlOTLJ/KWX3DMcZv2vcQoEl+2SSe2Q4Fv+kJCfWWj+0ieNOS7Ln\n6PP61Gz6211gfAtfPFyV5GNJ3pPkb8a4/2kZfobvn+GXEa+ptZ670TEHJjm91rrwe/30JA8YfZ6X\nkzl/8BtqVkLPdzP8i+rOW3DspbXW82qt5yR5fJK3llLutIXP8/EMv3k6Ick/11ovn6haYCmuqLWe\nX2v99wy/+d2zlHLgxgfVWi/L8B9kJyTZPskntm6Z0KyFLx72SHLDWusBtdYrx7j/f40+w19O8oQk\nzy2l7L2wczRk/U+SHFxKubaUcm2GKzVuk//p3k7iO0n2GK3+9r+MhsDeeHQM8BtoJkLPKHyszbBl\nfsON95dSbtpxvwsz/PZok0tlbuL4DRm22B8U3xpD70bfAr82yatHi4ts7MQMP68nL/rGGFiahS8e\nLhz9XpxYrfWKDIe2HbVo85OT/CjDYHXPRT8vzHC0xTjz8hZ/7t+T5KZZtBLcIn+V5Kok/zTGYwMN\nmaXV2w5Ock6SL5RSXpHhWP9tkzw0wyVt79pxvzcn+c9Syu8tXAMgvz7RefHtl2e4nv9lU6scWIr3\nZThs9eAkb1y8o9b6iVLKXJJfW8wEWDGOT3J4KWW/WusHM+zmvL/W+q3FB5VSLsxwieuHZTjHdkv8\n9+/vWutnSin/r707RmkgiMIA/Ft7kO1zD89gq0haa7EWK/EUVtaewDaNr/MECtaBpJgVljUWCoKZ\nfF+5TDu7+89j3rtPcjsekD6mNWA4TXKe5ELnNjhce1HpSZKqek2ySJvLc5NkleRzqNnZuOzLSW9V\nvaRVia4nj+frNpP1a4EH/o/xUvJdksthGI4z279V9VZV68kjFR/4e9/ts13f4fe0AadXwzAs0io8\nDzvWfSR5ys8aGszfB8sky7RBqqskz2l3dE9mbayBA3O02fg/AAAA+rU3lR4AAIDfEHoAAICuCT0A\nAEDXhB4AAKBrQg8AANA1oQcAAOia0AMAAHRN6AEAALom9AAAAF0TegAAgK4JPQAAQNe2cCyRx+Jj\nNDoAAAAASUVORK5CYII=\n",
      "text/plain": [
       "<matplotlib.figure.Figure at 0x7ff5647d5590>"
      ]
     },
     "metadata": {},
     "output_type": "display_data"
    }
   ],
   "source": [
    "corr = boston_housing_df.corr()\n",
    "\n",
    "# Generate a mask for the upper triangle\n",
    "mask = np.zeros_like(corr, dtype=np.bool)\n",
    "mask[np.triu_indices_from(mask)] = True\n",
    "\n",
    "# Set up the matplotlib figure\n",
    "f, ax = plt.subplots(figsize=(11, 9))\n",
    "\n",
    "# Generate a custom diverging colormap\n",
    "cmap = sns.diverging_palette(220, 10, as_cmap=True)\n",
    "\n",
    "# Draw the heatmap with the mask and correct aspect ratio\n",
    "sns.heatmap(corr, mask=mask, cmap=cmap, vmax=.3,\n",
    "            square=True, xticklabels=5, yticklabels=5,\n",
    "            linewidths=.5, cbar_kws={\"shrink\": .5}, ax=ax)"
   ]
  },
  {
   "cell_type": "code",
   "execution_count": 20,
   "metadata": {
    "collapsed": false
   },
   "outputs": [
    {
     "data": {
